1	0	0	0	0	0	0
2	-1.19E-05	0	0	0	0	0
3	-5.97E-05	0	0	0	0	0
4	-0.00015839	0	0	0	0	0
5	-0.00030084	0	0	0	0	0
6	-0.00044405	0	0	0	0	0
7	-0.00049293	0	0	0	0	0
8	-0.00032733	0	0	0	0	0
9	0.00013016	0	0	0	0	0
10	0.00088374	0	0	0	0	0
11	0.0018967	0	0	0	0	0
12	0.0031135	0	0	0	0	0
13	0.0044293	0	0	0	0	0
14	0.0056698	0	0	0	0	0
15	0.0066524	0	0	0	0	0
16	0.0072864	0	0	0	0	0
17	0.0075787	0	0	0	0	0
18	0.0074965	0	0	0	0	0
19	0.0068518	0	0	0	0	0
20	0.0054042	0	0	0	0	0
21	0.0030722	0	0	0	0	0
22	-3.54E-05	0	0	0	0	0
23	-0.0037522	0	0	0	0	0
24	-0.0078609	0	0	0	0	0
25	-0.011982	0	0	0	0	0
26	-0.015629	0	0	0	0	0
27	-0.01839	0	0	0	0	0
28	-0.01997	0	0	0	0	0
29	-0.020107	0	0	0	0	0
30	-0.0186	0	0	0	0	0
31	-0.015274	0	0	0	0	0
32	-0.0098763	0	0	0	0	0
33	-0.0022583	0	0	0	0	0
34	0.0071589	0	0	0	0	0
35	0.017384	0	0	0	0	0
36	0.027403	0	0	0	0	0
37	0.036376	0	0	0	0	0
38	0.043234	0	0	0	0	0
39	0.046629	0	0	0	0	0
40	0.045558	0	0	0	0	0
41	0.039759	0	0	0	0	0
42	0.029488	0	0	0	0	0
43	0.015316	0	0	0	0	0
44	-0.0017815	0	0	0	0	0
45	-0.020459	0	0	0	0	0
46	-0.039172	0	0	0	0	0
47	-0.056218	0	0	0	0	0
48	-0.069815	0	0	0	0	0
49	-0.078471	0	0	0	0	0
50	-0.081416	0	0	0	0	0
51	-0.078725	0	0	0	0	0
52	-0.071002	0	0	0	0	0
53	-0.058799	0	0	0	0	0
54	-0.042413	0	0	0	0	0
55	-0.022465	0	0	0	0	0
56	-0.00045823	0	0	0	0	0
57	0.021665	0	0	0	0	0
58	0.042319	0	0	0	0	0
59	0.060323	0	0	0	0	0
60	0.074609	0	0	0	0	0
61	0.084337	0	0	0	0	0
62	0.088894	0	0	0	0	0
63	0.087455	0	0	0	0	0
64	0.079031	0	0	0	0	0
65	0.063173	0	0	0	0	0
66	0.040351	0	0	0	0	0
67	0.011839	0	0	0	0	0
68	-0.020307	0	0	0	0	0
69	-0.053551	0	0	0	0	0
70	-0.08563	0	0	0	0	0
71	-0.11455	0	0	0	0	0
72	-0.13766	0	0	0	0	0
73	-0.15155	0	0	0	0	0
74	-0.15345	0	0	0	0	0
75	-0.14223	0	0	0	0	0
76	-0.1183	0	0	0	0	0
77	-0.083148	0	0	0	0	0
78	-0.038942	0	0	0	0	0
79	0.011472	0	0	0	0	0
80	0.063867	0	0	0	0	0
81	0.11238	0	0	0	0	0
82	0.15128	0	0	0	0	0
83	0.17706	0	0	0	0	0
84	0.188	0	0	0	0	0
85	0.1827	0	0	0	0	0
86	0.16063	0	0	0	0	0
87	0.12346	0	0	0	0	0
88	0.074667	0	0	0	0	0
89	0.018701	0	0	0	0	0
90	-0.038786	0	0	0	0	0
91	-0.091283	0	0	0	0	0
92	-0.13323	0	0	0	0	0
93	-0.16102	0	0	0	0	0
94	-0.17262	0	0	0	0	0
95	-0.1676	0	0	0	0	0
96	-0.14757	0	0	0	0	0
97	-0.11538	0	0	0	0	0
98	-0.073931	0	0	0	0	0
99	-0.026484	0	0	0	0	0
100	0.022763	0	0	0	0	0
101	0.069228	0	0	0	0	0
102	0.10877	0	0	0	0	0
103	0.13803	0	0	0	0	0
104	0.15494	0	0	0	0	0
105	0.159	0	0	0	0	0
106	0.15063	0	0	0	0	0
107	0.13082	0	0	0	0	0
108	0.1017	0	0	0	0	0
109	0.06643	0	0	0	0	0
110	0.027817	0	0	0	0	0
111	-0.012199	0	0	0	0	0
112	-0.051319	0	0	0	0	0
113	-0.0864	0	0	0	0	0
114	-0.11488	0	0	0	0	0
115	-0.13581	0	0	0	0	0
116	-0.14874	0	0	0	0	0
117	-0.1524	0	0	0	0	0
118	-0.14541	0	0	0	0	0
119	-0.12772	0	0	0	0	0
120	-0.10101	0	0	0	0	0
121	-0.067978	0	0	0	0	0
122	-0.032173	0	0	0	0	0
123	0.002004	0	0	0	0	0
124	0.030217	0	0	0	0	0
125	0.049511	0	0	0	0	0
126	0.058781	0	0	0	0	0
127	0.058739	0	0	0	0	0
128	0.05199	0	0	0	0	0
129	0.042461	0	0	0	0	0
130	0.033959	0	0	0	0	0
131	0.029352	0	0	0	0	0
132	0.030803	0	0	0	0	0
133	0.039572	0	0	0	0	0
134	0.055041	0	0	0	0	0
135	0.074343	0	0	0	0	0
136	0.093136	0	0	0	0	0
137	0.10696	0	0	0	0	0
138	0.11262	0	0	0	0	0
139	0.10869	0	0	0	0	0
140	0.094519	0	0	0	0	0
141	0.069736	0	0	0	0	0
142	0.035535	0	0	0	0	0
143	-0.0043277	0	0	0	0	0
144	-0.045045	0	0	0	0	0
145	-0.082673	0	0	0	0	0
146	-0.11415	0	0	0	0	0
147	-0.13679	0	0	0	0	0
148	-0.14851	0	0	0	0	0
149	-0.14765	0	0	0	0	0
150	-0.13281	0	0	0	0	0
151	-0.10412	0	0	0	0	0
152	-0.064167	0	0	0	0	0
153	-0.016391	0	0	0	0	0
154	0.036159	0	0	0	0	0
155	0.089478	0	0	0	0	0
156	0.13773	0	0	0	0	0
157	0.17559	0	0	0	0	0
158	0.20033	0	0	0	0	0
159	0.21066	0	0	0	0	0
160	0.20509	0	0	0	0	0
161	0.18327	0	0	0	0	0
162	0.14783	0	0	0	0	0
163	0.10325	0	0	0	0	0
164	0.05259	0	0	0	0	0
165	-0.0036972	0	0	0	0	0
166	-0.065084	0	0	0	0	0
167	-0.12756	0	0	0	0	0
168	-0.18365	0	0	0	0	0
169	-0.22571	0	0	0	0	0
170	-0.24861	0	0	0	0	0
171	-0.24997	0	0	0	0	0
172	-0.22949	0	0	0	0	0
173	-0.18845	0	0	0	0	0
174	-0.12976	0	0	0	0	0
175	-0.058354	0	0	0	0	0
176	0.019108	0	0	0	0	0
177	0.096001	0	0	0	0	0
178	0.16662	0	0	0	0	0
179	0.2247	0	0	0	0	0
180	0.26277	0	0	0	0	0
181	0.27505	0	0	0	0	0
182	0.25962	0	0	0	0	0
183	0.21727	0	0	0	0	0
184	0.15084	0	0	0	0	0
185	0.06694	0	0	0	0	0
186	-0.024132	0	0	0	0	0
187	-0.11225	0	0	0	0	0
188	-0.1896	0	0	0	0	0
189	-0.2492	0	0	0	0	0
190	-0.28468	0	0	0	0	0
191	-0.29255	0	0	0	0	0
192	-0.27368	0	0	0	0	0
193	-0.23228	0	0	0	0	0
194	-0.17449	0	0	0	0	0
195	-0.10702	0	0	0	0	0
196	-0.035949	0	0	0	0	0
197	0.033391	0	0	0	0	0
198	0.096139	0	0	0	0	0
199	0.14881	0	0	0	0	0
200	0.19003	0	0	0	0	0
201	0.21915	0	0	0	0	0
202	0.23494	0	0	0	0	0
203	0.23613	0	0	0	0	0
204	0.22213	0	0	0	0	0
205	0.19284	0	0	0	0	0
206	0.14925	0	0	0	0	0
207	0.094373	0	0	0	0	0
208	0.03279	0	0	0	0	0
209	-0.030093	0	0	0	0	0
210	-0.087742	0	0	0	0	0
211	-0.13359	0	0	0	0	0
212	-0.16397	0	0	0	0	0
213	-0.17843	0	0	0	0	0
214	-0.17644	0	0	0	0	0
215	-0.15663	0	0	0	0	0
216	-0.11994	0	0	0	0	0
217	-0.071059	0	0	0	0	0
218	-0.015882	0	0	0	0	0
219	0.040207	0	0	0	0	0
220	0.091529	0	0	0	0	0
221	0.13239	0	0	0	0	0
222	0.15914	0	0	0	0	0
223	0.1708	0	0	0	0	0
224	0.16803	0	0	0	0	0
225	0.15231	0	0	0	0	0
226	0.12531	0	0	0	0	0
227	0.088184	0	0	0	0	0
228	0.042369	0	0	0	0	0
229	-0.0086264	0	0	0	0	0
230	-0.059533	0	0	0	0	0
231	-0.10585	0	0	0	0	0
232	-0.14539	0	0	0	0	0
233	-0.17755	0	0	0	0	0
234	-0.20185	0	0	0	0	0
235	-0.21702	0	0	0	0	0
236	-0.22171	0	0	0	0	0
237	-0.21628	0	0	0	0	0
238	-0.20287	0	0	0	0	0
239	-0.18298	0	0	0	0	0
240	-0.15632	0	0	0	0	0
241	-0.12294	0	0	0	0	0
242	-0.084457	0	0	0	0	0
243	-0.041984	0	0	0	0	0
244	0.0043658	0	0	0	0	0
245	0.053017	0	0	0	0	0
246	0.10052	0	0	0	0	0
247	0.14408	0	0	0	0	0
248	0.18138	0	0	0	0	0
249	0.20795	0	0	0	0	0
250	0.21809	0	0	0	0	0
251	0.20893	0	0	0	0	0
252	0.18096	0	0	0	0	0
253	0.13553	0	0	0	0	0
254	0.074969	0	0	0	0	0
255	0.0049825	0	0	0	0	0
256	-0.065705	0	0	0	0	0
257	-0.12825	0	0	0	0	0
258	-0.1757	0	0	0	0	0
259	-0.20362	0	0	0	0	0
260	-0.21034	0	0	0	0	0
261	-0.19698	0	0	0	0	0
262	-0.16736	0	0	0	0	0
263	-0.12764	0	0	0	0	0
264	-0.084444	0	0	0	0	0
265	-0.042579	0	0	0	0	0
266	-0.0049953	0	0	0	0	0
267	0.025773	0	0	0	0	0
268	0.047743	0	0	0	0	0
269	0.060321	0	0	0	0	0
270	0.063469	0	0	0	0	0
271	0.057028	0	0	0	0	0
272	0.042432	0	0	0	0	0
273	0.024	0	0	0	0	0
274	0.0071122	0	0	0	0	0
275	-0.0043586	0	0	0	0	0
276	-0.0088078	0	0	0	0	0
277	-0.006692	0	0	0	0	0
278	0.00028407	0	0	0	0	0
279	0.010954	0	0	0	0	0
280	0.025088	0	0	0	0	0
281	0.041076	0	0	0	0	0
282	0.05522	0	0	0	0	0
283	0.065432	0	0	0	0	0
284	0.073755	0	0	0	0	0
285	0.082889	0	0	0	0	0
286	0.092134	0	0	0	0	0
287	0.09892	0	0	0	0	0
288	0.10171	0	0	0	0	0
289	0.098475	0	0	0	0	0
290	0.085092	0	0	0	0	0
291	0.059205	0	0	0	0	0
292	0.024169	0	0	0	0	0
293	-0.01393	0	0	0	0	0
294	-0.051471	0	0	0	0	0
295	-0.086842	0	0	0	0	0
296	-0.11683	0	0	0	0	0
297	-0.13654	0	0	0	0	0
298	-0.14201	0	0	0	0	0
299	-0.1314	0	0	0	0	0
300	-0.10464	0	0	0	0	0
301	-0.062999	0	0	0	0	0
302	-0.0088041	0	0	0	0	0
303	0.053829	0	0	0	0	0
304	0.11782	0	0	0	0	0
305	0.1748	0	0	0	0	0
306	0.21851	0	0	0	0	0
307	0.24457	0	0	0	0	0
308	0.24803	0	0	0	0	0
309	0.22522	0	0	0	0	0
310	0.1777	0	0	0	0	0
311	0.11082	0	0	0	0	0
312	0.029864	0	0	0	0	0
313	-0.058608	0	0	0	0	0
314	-0.144	0	0	0	0	0
315	-0.21505	0	0	0	0	0
316	-0.26488	0	0	0	0	0
317	-0.29006	0	0	0	0	0
318	-0.28759	0	0	0	0	0
319	-0.25591	0	0	0	0	0
320	-0.19742	0	0	0	0	0
321	-0.11771	0	0	0	0	0
322	-0.023187	0	0	0	0	0
323	0.07948	0	0	0	0	0
324	0.18129	0	0	0	0	0
325	0.26876	0	0	0	0	0
326	0.32656	0	0	0	0	0
327	0.3451	0	0	0	0	0
328	0.32491	0	0	0	0	0
329	0.27243	0	0	0	0	0
330	0.19414	0	0	0	0	0
331	0.096663	0	0	0	0	0
332	-0.010937	0	0	0	0	0
333	-0.11808	0	0	0	0	0
334	-0.21447	0	0	0	0	0
335	-0.29078	0	0	0	0	0
336	-0.3399	0	0	0	0	0
337	-0.35796	0	0	0	0	0
338	-0.34288	0	0	0	0	0
339	-0.29379	0	0	0	0	0
340	-0.21355	0	0	0	0	0
341	-0.10977	0	0	0	0	0
342	0.007747	0	0	0	0	0
343	0.12912	0	0	0	0	0
344	0.24386	0	0	0	0	0
345	0.34046	0	0	0	0	0
346	0.40677	0	0	0	0	0
347	0.43109	0	0	0	0	0
348	0.40609	0	0	0	0	0
349	0.33336	0	0	0	0	0
350	0.22248	0	0	0	0	0
351	0.085334	0	0	0	0	0
352	-0.06643	0	0	0	0	0
353	-0.21886	0	0	0	0	0
354	-0.35481	0	0	0	0	0
355	-0.45816	0	0	0	0	0
356	-0.51888	0	0	0	0	0
357	-0.53327	0	0	0	0	0
358	-0.50024	0	0	0	0	0
359	-0.42012	0	0	0	0	0
360	-0.29827	0	0	0	0	0
361	-0.14692	0	0	0	0	0
362	0.018889	0	0	0	0	0
363	0.18431	0	0	0	0	0
364	0.33262	0	0	0	0	0
365	0.44654	0	0	0	0	0
366	0.51594	0	0	0	0	0
367	0.53971	0	0	0	0	0
368	0.51847	0	0	0	0	0
369	0.4521	0	0	0	0	0
370	0.34652	0	0	0	0	0
371	0.21601	0	0	0	0	0
372	0.075892	0	0	0	0	0
373	-0.06202	0	0	0	0	0
374	-0.18656	0	0	0	0	0
375	-0.28582	0	0	0	0	0
376	-0.35037	0	0	0	0	0
377	-0.37525	0	0	0	0	0
378	-0.35927	0	0	0	0	0
379	-0.30467	0	0	0	0	0
380	-0.21716	0	0	0	0	0
381	-0.10568	0	0	0	0	0
382	0.018415	0	0	0	0	0
383	0.14344	0	0	0	0	0
384	0.25938	0	0	0	0	0
385	0.35649	0	0	0	0	0
386	0.42372	0	0	0	0	0
387	0.45182	0	0	0	0	0
388	0.43718	0	0	0	0	0
389	0.38079	0	0	0	0	0
390	0.28683	0	0	0	0	0
391	0.16454	0	0	0	0	0
392	0.027769	0	0	0	0	0
393	-0.11038	0	0	0	0	0
394	-0.24009	0	0	0	0	0
395	-0.35268	0	0	0	0	0
396	-0.44	0	0	0	0	0
397	-0.49617	0	0	0	0	0
398	-0.51687	0	0	0	0	0
399	-0.49896	0	0	0	0	0
400	-0.44328	0	0	0	0	0
401	-0.35579	0	0	0	0	0
402	-0.24453	0	0	0	0	0
403	-0.11793	0	0	0	0	0
404	0.0143	0	0	0	0	0
405	0.14238	0	0	0	0	0
406	0.2589	0	0	0	0	0
407	0.35754	0	0	0	0	0
408	0.43017	0	0	0	0	0
409	0.46698	0	0	0	0	0
410	0.45973	0	0	0	0	0
411	0.40557	0	0	0	0	0
412	0.30978	0	0	0	0	0
413	0.18387	0	0	0	0	0
414	0.040001	0	0	0	0	0
415	-0.1103	0	0	0	0	0
416	-0.25217	0	0	0	0	0
417	-0.3681	0	0	0	0	0
418	-0.44536	0	0	0	0	0
419	-0.47961	0	0	0	0	0
420	-0.47052	0	0	0	0	0
421	-0.4187	0	0	0	0	0
422	-0.32776	0	0	0	0	0
423	-0.20558	0	0	0	0	0
424	-0.062071	0	0	0	0	0
425	0.091704	0	0	0	0	0
426	0.24314	0	0	0	0	0
427	0.37962	0	0	0	0	0
428	0.49091	0	0	0	0	0
429	0.56899	0	0	0	0	0
430	0.60643	0	0	0	0	0
431	0.59689	0	0	0	0	0
432	0.53771	0	0	0	0	0
433	0.43165	0	0	0	0	0
434	0.28645	0	0	0	0	0
435	0.11359	0	0	0	0	0
436	-0.072448	0	0	0	0	0
437	-0.25493	0	0	0	0	0
438	-0.41745	0	0	0	0	0
439	-0.54722	0	0	0	0	0
440	-0.63601	0	0	0	0	0
441	-0.67826	0	0	0	0	0
442	-0.66919	0	0	0	0	0
443	-0.60539	0	0	0	0	0
444	-0.4875	0	0	0	0	0
445	-0.3233	0	0	0	0	0
446	-0.12843	0	0	0	0	0
447	0.076587	0	0	0	0	0
448	0.27078	0	0	0	0	0
449	0.43517	0	0	0	0	0
450	0.55396	0	0	0	0	0
451	0.61699	0	0	0	0	0
452	0.62119	0	0	0	0	0
453	0.5682	0	0	0	0	0
454	0.46138	0	0	0	0	0
455	0.30752	0	0	0	0	0
456	0.1199	0	0	0	0	0
457	-0.083971	0	0	0	0	0
458	-0.28689	0	0	0	0	0
459	-0.47172	0	0	0	0	0
460	-0.61926	0	0	0	0	0
461	-0.71185	0	0	0	0	0
462	-0.73948	0	0	0	0	0
463	-0.70021	0	0	0	0	0
464	-0.59775	0	0	0	0	0
465	-0.44234	0	0	0	0	0
466	-0.25112	0	0	0	0	0
467	-0.043335	0	0	0	0	0
468	0.16342	0	0	0	0	0
469	0.35136	0	0	0	0	0
470	0.50288	0	0	0	0	0
471	0.60613	0	0	0	0	0
472	0.65654	0	0	0	0	0
473	0.65236	0	0	0	0	0
474	0.59372	0	0	0	0	0
475	0.48654	0	0	0	0	0
476	0.34174	0	0	0	0	0
477	0.17065	0	0	0	0	0
478	-0.014072	0	0	0	0	0
479	-0.1943	0	0	0	0	0
480	-0.34892	0	0	0	0	0
481	-0.46105	0	0	0	0	0
482	-0.52114	0	0	0	0	0
483	-0.52593	0	0	0	0	0
484	-0.4778	0	0	0	0	0
485	-0.384	0	0	0	0	0
486	-0.25444	0	0	0	0	0
487	-0.10063	0	0	0	0	0
488	0.063678	0	0	0	0	0
489	0.2234	0	0	0	0	0
490	0.3646	0	0	0	0	0
491	0.47547	0	0	0	0	0
492	0.54508	0	0	0	0	0
493	0.56342	0	0	0	0	0
494	0.52475	0	0	0	0	0
495	0.43096	0	0	0	0	0
496	0.29161	0	0	0	0	0
497	0.12179	0	0	0	0	0
498	-0.059223	0	0	0	0	0
499	-0.23041	0	0	0	0	0
500	-0.37416	0	0	0	0	0
501	-0.479	0	0	0	0	0
502	-0.53693	0	0	0	0	0
503	-0.54231	0	0	0	0	0
504	-0.49572	0	0	0	0	0
505	-0.40541	0	0	0	0	0
506	-0.28276	0	0	0	0	0
507	-0.14005	0	0	0	0	0
508	0.0081333	0	0	0	0	0
509	0.14748	0	0	0	0	0
510	0.26882	0	0	0	0	0
511	0.36616	0	0	0	0	0
512	0.43237	0	0	0	0	0
513	0.4615	0	0	0	0	0
514	0.45233	0	0	0	0	0
515	0.40604	0	0	0	0	0
516	0.32478	0	0	0	0	0
517	0.21536	0	0	0	0	0
518	0.090104	0	0	0	0	0
519	-0.036952	0	0	0	0	0
520	-0.15142	0	0	0	0	0
521	-0.23964	0	0	0	0	0
522	-0.29415	0	0	0	0	0
523	-0.31481	0	0	0	0	0
524	-0.30114	0	0	0	0	0
525	-0.2498	0	0	0	0	0
526	-0.16286	0	0	0	0	0
527	-0.051319	0	0	0	0	0
528	0.071966	0	0	0	0	0
529	0.19518	0	0	0	0	0
530	0.30321	0	0	0	0	0
531	0.37982	0	0	0	0	0
532	0.41626	0	0	0	0	0
533	0.41265	0	0	0	0	0
534	0.37194	0	0	0	0	0
535	0.29758	0	0	0	0	0
536	0.19531	0	0	0	0	0
537	0.073208	0	0	0	0	0
538	-0.059086	0	0	0	0	0
539	-0.19009	0	0	0	0	0
540	-0.30752	0	0	0	0	0
541	-0.40016	0	0	0	0	0
542	-0.45899	0	0	0	0	0
543	-0.47893	0	0	0	0	0
544	-0.46074	0	0	0	0	0
545	-0.40847	0	0	0	0	0
546	-0.3246	0	0	0	0	0
547	-0.21077	0	0	0	0	0
548	-0.073091	0	0	0	0	0
549	0.075893	0	0	0	0	0
550	0.22039	0	0	0	0	0
551	0.34555	0	0	0	0	0
552	0.43948	0	0	0	0	0
553	0.49289	0	0	0	0	0
554	0.49807	0	0	0	0	0
555	0.45111	0	0	0	0	0
556	0.35618	0	0	0	0	0
557	0.22498	0	0	0	0	0
558	0.071127	0	0	0	0	0
559	-0.092301	0	0	0	0	0
560	-0.25018	0	0	0	0	0
561	-0.38537	0	0	0	0	0
562	-0.48332	0	0	0	0	0
563	-0.53468	0	0	0	0	0
564	-0.5345	0	0	0	0	0
565	-0.48223	0	0	0	0	0
566	-0.3828	0	0	0	0	0
567	-0.24569	0	0	0	0	0
568	-0.083455	0	0	0	0	0
569	0.088563	0	0	0	0	0
570	0.25316	0	0	0	0	0
571	0.39385	0	0	0	0	0
572	0.49635	0	0	0	0	0
573	0.54874	0	0	0	0	0
574	0.54357	0	0	0	0	0
575	0.48176	0	0	0	0	0
576	0.37259	0	0	0	0	0
577	0.22895	0	0	0	0	0
578	0.063775	0	0	0	0	0
579	-0.10875	0	0	0	0	0
580	-0.27274	0	0	0	0	0
581	-0.41479	0	0	0	0	0
582	-0.52733	0	0	0	0	0
583	-0.60574	0	0	0	0	0
584	-0.64471	0	0	0	0	0
585	-0.64017	0	0	0	0	0
586	-0.59237	0	0	0	0	0
587	-0.50409	0	0	0	0	0
588	-0.37802	0	0	0	0	0
589	-0.21882	0	0	0	0	0
590	-0.036157	0	0	0	0	0
591	0.15573	0	0	0	0	0
592	0.33987	0	0	0	0	0
593	0.49833	0	0	0	0	0
594	0.61562	0	0	0	0	0
595	0.68194	0	0	0	0	0
596	0.69282	0	0	0	0	0
597	0.64699	0	0	0	0	0
598	0.54624	0	0	0	0	0
599	0.39639	0	0	0	0	0
600	0.20819	0	0	0	0	0
601	-0.0015824	0	0	0	0	0
602	-0.21091	0	0	0	0	0
603	-0.3972	0	0	0	0	0
604	-0.54184	0	0	0	0	0
605	-0.6302	0	0	0	0	0
606	-0.65107	0	0	0	0	0
607	-0.6004	0	0	0	0	0
608	-0.48482	0	0	0	0	0
609	-0.31915	0	0	0	0	0
610	-0.12074	0	0	0	0	0
611	0.09293	0	0	0	0	0
612	0.30296	0	0	0	0	0
613	0.48841	0	0	0	0	0
614	0.629	0	0	0	0	0
615	0.7087	0	0	0	0	0
616	0.71694	0	0	0	0	0
617	0.64836	0	0	0	0	0
618	0.50455	0	0	0	0	0
619	0.2971	0	0	0	0	0
620	0.046531	0	0	0	0	0
621	-0.22301	0	0	0	0	0
622	-0.48716	0	0	0	0	0
623	-0.72057	0	0	0	0	0
624	-0.89714	0	0	0	0	0
625	-0.99446	0	0	0	0	0
626	-0.99859	0	0	0	0	0
627	-0.90595	0	0	0	0	0
628	-0.7234	0	0	0	0	0
629	-0.46737	0	0	0	0	0
630	-0.16176	0	0	0	0	0
631	0.16553	0	0	0	0	0
632	0.48596	0	0	0	0	0
633	0.77231	0	0	0	0	0
634	0.99952	0	0	0	0	0
635	1.146	0	0	0	0	0
636	1.1959	0	0	0	0	0
637	1.141	0	0	0	0	0
638	0.98286	0	0	0	0	0
639	0.73475	0	0	0	0	0
640	0.42044	0	0	0	0	0
641	0.069389	0	0	0	0	0
642	-0.28806	0	0	0	0	0
643	-0.62122	0	0	0	0	0
644	-0.89913	0	0	0	0	0
645	-1.0949	0	0	0	0	0
646	-1.1905	0	0	0	0	0
647	-1.177	0	0	0	0	0
648	-1.0538	0	0	0	0	0
649	-0.82925	0	0	0	0	0
650	-0.52165	0	0	0	0	0
651	-0.15669	0	0	0	0	0
652	0.23429	0	0	0	0	0
653	0.61546	0	0	0	0	0
654	0.9505	0	0	0	0	0
655	1.2083	0	0	0	0	0
656	1.3655	0	0	0	0	0
657	1.4075	0	0	0	0	0
658	1.3296	0	0	0	0	0
659	1.1376	0	0	0	0	0
660	0.84692	0	0	0	0	0
661	0.48226	0	0	0	0	0
662	0.077599	0	0	0	0	0
663	-0.32822	0	0	0	0	0
664	-0.69872	0	0	0	0	0
665	-1.003	0	0	0	0	0
666	-1.2153	0	0	0	0	0
667	-1.3177	0	0	0	0	0
668	-1.3041	0	0	0	0	0
669	-1.1801	0	0	0	0	0
670	-0.95951	0	0	0	0	0
671	-0.66287	0	0	0	0	0
672	-0.31803	0	0	0	0	0
673	0.043852	0	0	0	0	0
674	0.3928	0	0	0	0	0
675	0.6998	0	0	0	0	0
676	0.93602	0	0	0	0	0
677	1.0781	0	0	0	0	0
678	1.1147	0	0	0	0	0
679	1.047	0	0	0	0	0
680	0.88363	0	0	0	0	0
681	0.63961	0	0	0	0	0
682	0.33761	0	0	0	0	0
683	0.005986	0	0	0	0	0
684	-0.32489	0	0	0	0	0
685	-0.62408	0	0	0	0	0
686	-0.86185	0	0	0	0	0
687	-1.0151	0	0	0	0	0
688	-1.0721	0	0	0	0	0
689	-1.0309	0	0	0	0	0
690	-0.89627	0	0	0	0	0
691	-0.68112	0	0	0	0	0
692	-0.40727	0	0	0	0	0
693	-0.10158	0	0	0	0	0
694	0.20927	0	0	0	0	0
695	0.49928	0	0	0	0	0
696	0.74131	0	0	0	0	0
697	0.90939	0	0	0	0	0
698	0.98452	0	0	0	0	0
699	0.95861	0	0	0	0	0
700	0.83447	0	0	0	0	0
701	0.6243	0	0	0	0	0
702	0.34855	0	0	0	0	0
703	0.034905	0	0	0	0	0
704	-0.28365	0	0	0	0	0
705	-0.57188	0	0	0	0	0
706	-0.79672	0	0	0	0	0
707	-0.93309	0	0	0	0	0
708	-0.96901	0	0	0	0	0
709	-0.90603	0	0	0	0	0
710	-0.7549	0	0	0	0	0
711	-0.53237	0	0	0	0	0
712	-0.26165	0	0	0	0	0
713	0.028924	0	0	0	0	0
714	0.3117	0	0	0	0	0
715	0.56314	0	0	0	0	0
716	0.76111	0	0	0	0	0
717	0.88454	0	0	0	0	0
718	0.92032	0	0	0	0	0
719	0.86858	0	0	0	0	0
720	0.73841	0	0	0	0	0
721	0.54207	0	0	0	0	0
722	0.29576	0	0	0	0	0
723	0.021959	0	0	0	0	0
724	-0.25359	0	0	0	0	0
725	-0.50593	0	0	0	0	0
726	-0.71125	0	0	0	0	0
727	-0.84802	0	0	0	0	0
728	-0.9021	0	0	0	0	0
729	-0.87007	0	0	0	0	0
730	-0.75737	0	0	0	0	0
731	-0.57555	0	0	0	0	0
732	-0.34157	0	0	0	0	0
733	-0.077369	0	0	0	0	0
734	0.19177	0	0	0	0	0
735	0.4385	0	0	0	0	0
736	0.63584	0	0	0	0	0
737	0.76234	0	0	0	0	0
738	0.80625	0	0	0	0	0
739	0.76528	0	0	0	0	0
740	0.64486	0	0	0	0	0
741	0.45871	0	0	0	0	0
742	0.22853	0	0	0	0	0
743	-0.020163	0	0	0	0	0
744	-0.26244	0	0	0	0	0
745	-0.47527	0	0	0	0	0
746	-0.63893	0	0	0	0	0
747	-0.74042	0	0	0	0	0
748	-0.77477	0	0	0	0	0
749	-0.7425	0	0	0	0	0
750	-0.64791	0	0	0	0	0
751	-0.49985	0	0	0	0	0
752	-0.31079	0	0	0	0	0
753	-0.094464	0	0	0	0	0
754	0.13331	0	0	0	0	0
755	0.35226	0	0	0	0	0
756	0.54063	0	0	0	0	0
757	0.6812	0	0	0	0	0
758	0.76254	0	0	0	0	0
759	0.77658	0	0	0	0	0
760	0.71952	0	0	0	0	0
761	0.59592	0	0	0	0	0
762	0.41934	0	0	0	0	0
763	0.20877	0	0	0	0	0
764	-0.014846	0	0	0	0	0
765	-0.23022	0	0	0	0	0
766	-0.41649	0	0	0	0	0
767	-0.5552	0	0	0	0	0
768	-0.63413	0	0	0	0	0
769	-0.65003	0	0	0	0	0
770	-0.60662	0	0	0	0	0
771	-0.51056	0	0	0	0	0
772	-0.3712	0	0	0	0	0
773	-0.20199	0	0	0	0	0
774	-0.018297	0	0	0	0	0
775	0.16506	0	0	0	0	0
776	0.33238	0	0	0	0	0
777	0.46728	0	0	0	0	0
778	0.5584	0	0	0	0	0
779	0.60273	0	0	0	0	0
780	0.60141	0	0	0	0	0
781	0.55537	0	0	0	0	0
782	0.46634	0	0	0	0	0
783	0.33857	0	0	0	0	0
784	0.17895	0	0	0	0	0
785	-0.0014643	0	0	0	0	0
786	-0.18687	0	0	0	0	0
787	-0.36059	0	0	0	0	0
788	-0.50841	0	0	0	0	0
789	-0.6174	0	0	0	0	0
790	-0.67527	0	0	0	0	0
791	-0.67394	0	0	0	0	0
792	-0.61256	0	0	0	0	0
793	-0.49757	0	0	0	0	0
794	-0.34175	0	0	0	0	0
795	-0.16178	0	0	0	0	0
796	0.026249	0	0	0	0	0
797	0.20846	0	0	0	0	0
798	0.371	0	0	0	0	0
799	0.49991	0	0	0	0	0
800	0.58405	0	0	0	0	0
801	0.61595	0	0	0	0	0
802	0.59128	0	0	0	0	0
803	0.51128	0	0	0	0	0
804	0.38482	0	0	0	0	0
805	0.22575	0	0	0	0	0
806	0.048963	0	0	0	0	0
807	-0.1306	0	0	0	0	0
808	-0.29828	0	0	0	0	0
809	-0.44005	0	0	0	0	0
810	-0.54182	0	0	0	0	0
811	-0.59104	0	0	0	0	0
812	-0.58232	0	0	0	0	0
813	-0.52038	0	0	0	0	0
814	-0.41629	0	0	0	0	0
815	-0.28276	0	0	0	0	0
816	-0.13262	0	0	0	0	0
817	0.022319	0	0	0	0	0
818	0.17222	0	0	0	0	0
819	0.30727	0	0	0	0	0
820	0.41607	0	0	0	0	0
821	0.48839	0	0	0	0	0
822	0.51836	0	0	0	0	0
823	0.50402	0	0	0	0	0
824	0.44684	0	0	0	0	0
825	0.35263	0	0	0	0	0
826	0.23076	0	0	0	0	0
827	0.092236	0	0	0	0	0
828	-0.050364	0	0	0	0	0
829	-0.18366	0	0	0	0	0
830	-0.29716	0	0	0	0	0
831	-0.38502	0	0	0	0	0
832	-0.44314	0	0	0	0	0
833	-0.46716	0	0	0	0	0
834	-0.45426	0	0	0	0	0
835	-0.40425	0	0	0	0	0
836	-0.31905	0	0	0	0	0
837	-0.20409	0	0	0	0	0
838	-0.070102	0	0	0	0	0
839	0.069045	0	0	0	0	0
840	0.19978	0	0	0	0	0
841	0.30877	0	0	0	0	0
842	0.38274	0	0	0	0	0
843	0.41273	0	0	0	0	0
844	0.39806	0	0	0	0	0
845	0.34321	0	0	0	0	0
846	0.25269	0	0	0	0	0
847	0.13252	0	0	0	0	0
848	-0.0042961	0	0	0	0	0
849	-0.13876	0	0	0	0	0
850	-0.25332	0	0	0	0	0
851	-0.33604	0	0	0	0	0
852	-0.37826	0	0	0	0	0
853	-0.3732	0	0	0	0	0
854	-0.31897	0	0	0	0	0
855	-0.22113	0	0	0	0	0
856	-0.091185	0	0	0	0	0
857	0.056248	0	0	0	0	0
858	0.20557	0	0	0	0	0
859	0.34176	0	0	0	0	0
860	0.45101	0	0	0	0	0
861	0.52116	0	0	0	0	0
862	0.54376	0	0	0	0	0
863	0.51623	0	0	0	0	0
864	0.44128	0	0	0	0	0
865	0.32577	0	0	0	0	0
866	0.18125	0	0	0	0	0
867	0.022683	0	0	0	0	0
868	-0.13577	0	0	0	0	0
869	-0.28216	0	0	0	0	0
870	-0.40443	0	0	0	0	0
871	-0.49056	0	0	0	0	0
872	-0.53185	0	0	0	0	0
873	-0.52376	0	0	0	0	0
874	-0.46519	0	0	0	0	0
875	-0.36067	0	0	0	0	0
876	-0.2217	0	0	0	0	0
877	-0.062818	0	0	0	0	0
878	0.10164	0	0	0	0	0
879	0.25592	0	0	0	0	0
880	0.3828	0	0	0	0	0
881	0.46846	0	0	0	0	0
882	0.50543	0	0	0	0	0
883	0.49074	0	0	0	0	0
884	0.42554	0	0	0	0	0
885	0.31723	0	0	0	0	0
886	0.17786	0	0	0	0	0
887	0.019712	0	0	0	0	0
888	-0.14541	0	0	0	0	0
889	-0.30333	0	0	0	0	0
890	-0.43691	0	0	0	0	0
891	-0.52927	0	0	0	0	0
892	-0.56812	0	0	0	0	0
893	-0.54851	0	0	0	0	0
894	-0.47325	0	0	0	0	0
895	-0.35144	0	0	0	0	0
896	-0.19685	0	0	0	0	0
897	-0.026219	0	0	0	0	0
898	0.14359	0	0	0	0	0
899	0.29766	0	0	0	0	0
900	0.42278	0	0	0	0	0
901	0.50733	0	0	0	0	0
902	0.54352	0	0	0	0	0
903	0.52917	0	0	0	0	0
904	0.46672	0	0	0	0	0
905	0.36152	0	0	0	0	0
906	0.22183	0	0	0	0	0
907	0.059109	0	0	0	0	0
908	-0.11258	0	0	0	0	0
909	-0.27779	0	0	0	0	0
910	-0.42118	0	0	0	0	0
911	-0.52898	0	0	0	0	0
912	-0.58971	0	0	0	0	0
913	-0.59517	0	0	0	0	0
914	-0.5429	0	0	0	0	0
915	-0.43808	0	0	0	0	0
916	-0.29285	0	0	0	0	0
917	-0.1239	0	0	0	0	0
918	0.050705	0	0	0	0	0
919	0.21541	0	0	0	0	0
920	0.35929	0	0	0	0	0
921	0.47421	0	0	0	0	0
922	0.55268	0	0	0	0	0
923	0.58929	0	0	0	0	0
924	0.58306	0	0	0	0	0
925	0.53663	0	0	0	0	0
926	0.45475	0	0	0	0	0
927	0.34467	0	0	0	0	0
928	0.21521	0	0	0	0	0
929	0.074371	0	0	0	0	0
930	-0.069828	0	0	0	0	0
931	-0.20651	0	0	0	0	0
932	-0.3234	0	0	0	0	0
933	-0.41181	0	0	0	0	0
934	-0.46745	0	0	0	0	0
935	-0.48649	0	0	0	0	0
936	-0.46375	0	0	0	0	0
937	-0.39532	0	0	0	0	0
938	-0.28247	0	0	0	0	0
939	-0.13433	0	0	0	0	0
940	0.033093	0	0	0	0	0
941	0.20238	0	0	0	0	0
942	0.35967	0	0	0	0	0
943	0.49336	0	0	0	0	0
944	0.59125	0	0	0	0	0
945	0.64293	0	0	0	0	0
946	0.64363	0	0	0	0	0
947	0.59273	0	0	0	0	0
948	0.4917	0	0	0	0	0
949	0.34692	0	0	0	0	0
950	0.1716	0	0	0	0	0
951	-0.018358	0	0	0	0	0
952	-0.20831	0	0	0	0	0
953	-0.38357	0	0	0	0	0
954	-0.529	0	0	0	0	0
955	-0.63233	0	0	0	0	0
956	-0.6854	0	0	0	0	0
957	-0.68239	0	0	0	0	0
958	-0.62084	0	0	0	0	0
959	-0.50478	0	0	0	0	0
960	-0.34412	0	0	0	0	0
961	-0.15186	0	0	0	0	0
962	0.055434	0	0	0	0	0
963	0.25665	0	0	0	0	0
964	0.42997	0	0	0	0	0
965	0.55893	0	0	0	0	0
966	0.63474	0	0	0	0	0
967	0.65409	0	0	0	0	0
968	0.61659	0	0	0	0	0
969	0.52428	0	0	0	0	0
970	0.38327	0	0	0	0	0
971	0.20465	0	0	0	0	0
972	0.0028271	0	0	0	0	0
973	-0.20596	0	0	0	0	0
974	-0.4035	0	0	0	0	0
975	-0.57103	0	0	0	0	0
976	-0.69309	0	0	0	0	0
977	-0.75838	0	0	0	0	0
978	-0.75725	0	0	0	0	0
979	-0.6836	0	0	0	0	0
980	-0.54158	0	0	0	0	0
981	-0.34676	0	0	0	0	0
982	-0.11935	0	0	0	0	0
983	0.12056	0	0	0	0	0
984	0.35139	0	0	0	0	0
985	0.54906	0	0	0	0	0
986	0.69105	0	0	0	0	0
987	0.76155	0	0	0	0	0
988	0.75385	0	0	0	0	0
989	0.66995	0	0	0	0	0
990	0.51818	0	0	0	0	0
991	0.3107	0	0	0	0	0
992	0.064341	0	0	0	0	0
993	-0.19719	0	0	0	0	0
994	-0.44538	0	0	0	0	0
995	-0.65354	0	0	0	0	0
996	-0.80198	0	0	0	0	0
997	-0.87872	0	0	0	0	0
998	-0.87869	0	0	0	0	0
999	-0.8034	0	0	0	0	0
1000	-0.6608	0	0	0	0	0
1001	-0.46447	0	0	0	0	0
1002	-0.23284	0	0	0	0	0
1003	0.01248	0	0	0	0	0
1004	0.24976	0	0	0	0	0
1005	0.46023	0	0	0	0	0
1006	0.62917	0	0	0	0	0
1007	0.74498	0	0	0	0	0
1008	0.7985	0	0	0	0	0
1009	0.78396	0	0	0	0	0
1010	0.70073	0	0	0	0	0
1011	0.55459	0	0	0	0	0
1012	0.35707	0	0	0	0	0
1013	0.12383	0	0	0	0	0
1014	-0.12589	0	0	0	0	0
1015	-0.36882	0	0	0	0	0
1016	-0.57957	0	0	0	0	0
1017	-0.7359	0	0	0	0	0
1018	-0.82305	0	0	0	0	0
1019	-0.83427	0	0	0	0	0
1020	-0.76978	0	0	0	0	0
1021	-0.63591	0	0	0	0	0
1022	-0.44323	0	0	0	0	0
1023	-0.20543	0	0	0	0	0
1024	0.059107	0	0	0	0	0
1025	0.32692	0	0	0	0	0
1026	0.57434	0	0	0	0	0
1027	0.78183	0	0	0	0	0
1028	0.93259	0	0	0	0	0
1029	1.0107	0	0	0	0	0
1030	1.0046	0	0	0	0	0
1031	0.90978	0	0	0	0	0
1032	0.72939	0	0	0	0	0
1033	0.47471	0	0	0	0	0
1034	0.16712	0	0	0	0	0
1035	-0.16512	0	0	0	0	0
1036	-0.49271	0	0	0	0	0
1037	-0.78672	0	0	0	0	0
1038	-1.0183	0	0	0	0	0
1039	-1.1631	0	0	0	0	0
1040	-1.206	0	0	0	0	0
1041	-1.1424	0	0	0	0	0
1042	-0.97733	0	0	0	0	0
1043	-0.72559	0	0	0	0	0
1044	-0.40988	0	0	0	0	0
1045	-0.057392	0	0	0	0	0
1046	0.30189	0	0	0	0	0
1047	0.63699	0	0	0	0	0
1048	0.91948	0	0	0	0	0
1049	1.1254	0	0	0	0	0
1050	1.2357	0	0	0	0	0
1051	1.2401	0	0	0	0	0
1052	1.1403	0	0	0	0	0
1053	0.94732	0	0	0	0	0
1054	0.67762	0	0	0	0	0
1055	0.35293	0	0	0	0	0
1056	-0.00048848	0	0	0	0	0
1057	-0.35617	0	0	0	0	0
1058	-0.68796	0	0	0	0	0
1059	-0.96635	0	0	0	0	0
1060	-1.1611	0	0	0	0	0
1061	-1.2509	0	0	0	0	0
1062	-1.2278	0	0	0	0	0
1063	-1.0938	0	0	0	0	0
1064	-0.85788	0	0	0	0	0
1065	-0.53901	0	0	0	0	0
1066	-0.16734	0	0	0	0	0
1067	0.21936	0	0	0	0	0
1068	0.58214	0	0	0	0	0
1069	0.88598	0	0	0	0	0
1070	1.1021	0	0	0	0	0
1071	1.2097	0	0	0	0	0
1072	1.1988	0	0	0	0	0
1073	1.0731	0	0	0	0	0
1074	0.84867	0	0	0	0	0
1075	0.55003	0	0	0	0	0
1076	0.20608	0	0	0	0	0
1077	-0.15281	0	0	0	0	0
1078	-0.49625	0	0	0	0	0
1079	-0.79328	0	0	0	0	0
1080	-1.0139	0	0	0	0	0
1081	-1.1353	0	0	0	0	0
1082	-1.1468	0	0	0	0	0
1083	-1.0487	0	0	0	0	0
1084	-0.85032	0	0	0	0	0
1085	-0.5717	0	0	0	0	0
1086	-0.24227	0	0	0	0	0
1087	0.10562	0	0	0	0	0
1088	0.44066	0	0	0	0	0
1089	0.73192	0	0	0	0	0
1090	0.95016	0	0	0	0	0
1091	1.0727	0	0	0	0	0
1092	1.0872	0	0	0	0	0
1093	0.99339	0	0	0	0	0
1094	0.80332	0	0	0	0	0
1095	0.53921	0	0	0	0	0
1096	0.2291	0	0	0	0	0
1097	-0.096294	0	0	0	0	0
1098	-0.40563	0	0	0	0	0
1099	-0.66944	0	0	0	0	0
1100	-0.86211	0	0	0	0	0
1101	-0.9642	0	0	0	0	0
1102	-0.9669	0	0	0	0	0
1103	-0.874	0	0	0	0	0
1104	-0.69669	0	0	0	0	0
1105	-0.44846	0	0	0	0	0
1106	-0.14788	0	0	0	0	0
1107	0.17772	0	0	0	0	0
1108	0.49632	0	0	0	0	0
1109	0.77776	0	0	0	0	0
1110	0.99564	0	0	0	0	0
1111	1.1272	0	0	0	0	0
1112	1.1552	0	0	0	0	0
1113	1.0703	0	0	0	0	0
1114	0.87588	0	0	0	0	0
1115	0.59067	0	0	0	0	0
1116	0.24592	0	0	0	0	0
1117	-0.12362	0	0	0	0	0
1118	-0.484	0	0	0	0	0
1119	-0.80072	0	0	0	0	0
1120	-1.041	0	0	0	0	0
1121	-1.1802	0	0	0	0	0
1122	-1.2055	0	0	0	0	0
1123	-1.1138	0	0	0	0	0
1124	-0.91301	0	0	0	0	0
1125	-0.62261	0	0	0	0	0
1126	-0.27154	0	0	0	0	0
1127	0.10525	0	0	0	0	0
1128	0.47073	0	0	0	0	0
1129	0.79139	0	0	0	0	0
1130	1.0411	0	0	0	0	0
1131	1.1993	0	0	0	0	0
1132	1.249	0	0	0	0	0
1133	1.1815	0	0	0	0	0
1134	1.0017	0	0	0	0	0
1135	0.72747	0	0	0	0	0
1136	0.38473	0	0	0	0	0
1137	0.004753	0	0	0	0	0
1138	-0.37669	0	0	0	0	0
1139	-0.72267	0	0	0	0	0
1140	-1.0005	0	0	0	0	0
1141	-1.186	0	0	0	0	0
1142	-1.264	0	0	0	0	0
1143	-1.2282	0	0	0	0	0
1144	-1.081	0	0	0	0	0
1145	-0.83561	0	0	0	0	0
1146	-0.51616	0	0	0	0	0
1147	-0.15509	0	0	0	0	0
1148	0.21229	0	0	0	0	0
1149	0.55241	0	0	0	0	0
1150	0.83629	0	0	0	0	0
1151	1.0406	0	0	0	0	0
1152	1.1477	0	0	0	0	0
1153	1.1478	0	0	0	0	0
1154	1.0415	0	0	0	0	0
1155	0.83985	0	0	0	0	0
1156	0.55995	0	0	0	0	0
1157	0.22393	0	0	0	0	0
1158	-0.13897	0	0	0	0	0
1159	-0.4938	0	0	0	0	0
1160	-0.80726	0	0	0	0	0
1161	-1.0527	0	0	0	0	0
1162	-1.2079	0	0	0	0	0
1163	-1.2543	0	0	0	0	0
1164	-1.183	0	0	0	0	0
1165	-0.99941	0	0	0	0	0
1166	-0.7212	0	0	0	0	0
1167	-0.37255	0	0	0	0	0
1168	0.016353	0	0	0	0	0
1169	0.40945	0	0	0	0	0
1170	0.76956	0	0	0	0	0
1171	1.0636	0	0	0	0	0
1172	1.264	0	0	0	0	0
1173	1.3504	0	0	0	0	0
1174	1.313	0	0	0	0	0
1175	1.1554	0	0	0	0	0
1176	0.89349	0	0	0	0	0
1177	0.55289	0	0	0	0	0
1178	0.16553	0	0	0	0	0
1179	-0.23423	0	0	0	0	0
1180	-0.61204	0	0	0	0	0
1181	-0.93523	0	0	0	0	0
1182	-1.1761	0	0	0	0	0
1183	-1.3158	0	0	0	0	0
1184	-1.3447	0	0	0	0	0
1185	-1.2611	0	0	0	0	0
1186	-1.0715	0	0	0	0	0
1187	-0.79146	0	0	0	0	0
1188	-0.44377	0	0	0	0	0
1189	-0.055282	0	0	0	0	0
1190	0.34413	0	0	0	0	0
1191	0.72082	0	0	0	0	0
1192	1.0382	0	0	0	0	0
1193	1.2623	0	0	0	0	0
1194	1.3706	0	0	0	0	0
1195	1.3559	0	0	0	0	0
1196	1.2224	0	0	0	0	0
1197	0.98129	0	0	0	0	0
1198	0.65267	0	0	0	0	0
1199	0.26719	0	0	0	0	0
1200	-0.1397	0	0	0	0	0
1201	-0.53336	0	0	0	0	0
1202	-0.87954	0	0	0	0	0
1203	-1.1453	0	0	0	0	0
1204	-1.3058	0	0	0	0	0
1205	-1.3479	0	0	0	0	0
1206	-1.2683	0	0	0	0	0
1207	-1.0719	0	0	0	0	0
1208	-0.77604	0	0	0	0	0
1209	-0.41096	0	0	0	0	0
1210	-0.015201	0	0	0	0	0
1211	0.37095	0	0	0	0	0
1212	0.70911	0	0	0	0	0
1213	0.9664	0	0	0	0	0
1214	1.1172	0	0	0	0	0
1215	1.1457	0	0	0	0	0
1216	1.0497	0	0	0	0	0
1217	0.84134	0	0	0	0	0
1218	0.54395	0	0	0	0	0
1219	0.18767	0	0	0	0	0
1220	-0.19019	0	0	0	0	0
1221	-0.54946	0	0	0	0	0
1222	-0.85644	0	0	0	0	0
1223	-1.0864	0	0	0	0	0
1224	-1.2196	0	0	0	0	0
1225	-1.2422	0	0	0	0	0
1226	-1.1513	0	0	0	0	0
1227	-0.95547	0	0	0	0	0
1228	-0.67086	0	0	0	0	0
1229	-0.3193	0	0	0	0	0
1230	0.070568	0	0	0	0	0
1231	0.46509	0	0	0	0	0
1232	0.82999	0	0	0	0	0
1233	1.1335	0	0	0	0	0
1234	1.3476	0	0	0	0	0
1235	1.4499	0	0	0	0	0
1236	1.4278	0	0	0	0	0
1237	1.2811	0	0	0	0	0
1238	1.0207	0	0	0	0	0
1239	0.66714	0	0	0	0	0
1240	0.25164	0	0	0	0	0
1241	-0.18443	0	0	0	0	0
1242	-0.59763	0	0	0	0	0
1243	-0.95037	0	0	0	0	0
1244	-1.2111	0	0	0	0	0
1245	-1.3534	0	0	0	0	0
1246	-1.3617	0	0	0	0	0
1247	-1.2352	0	0	0	0	0
1248	-0.98664	0	0	0	0	0
1249	-0.64061	0	0	0	0	0
1250	-0.23281	0	0	0	0	0
1251	0.1963	0	0	0	0	0
1252	0.60873	0	0	0	0	0
1253	0.96853	0	0	0	0	0
1254	1.2401	0	0	0	0	0
1255	1.3946	0	0	0	0	0
1256	1.4165	0	0	0	0	0
1257	1.3027	0	0	0	0	0
1258	1.0612	0	0	0	0	0
1259	0.71427	0	0	0	0	0
1260	0.29734	0	0	0	0	0
1261	-0.14984	0	0	0	0	0
1262	-0.58685	0	0	0	0	0
1263	-0.97176	0	0	0	0	0
1264	-1.2662	0	0	0	0	0
1265	-1.4439	0	0	0	0	0
1266	-1.4925	0	0	0	0	0
1267	-1.4099	0	0	0	0	0
1268	-1.2052	0	0	0	0	0
1269	-0.89952	0	0	0	0	0
1270	-0.52147	0	0	0	0	0
1271	-0.10304	0	0	0	0	0
1272	0.32062	0	0	0	0	0
1273	0.7124	0	0	0	0	0
1274	1.0384	0	0	0	0	0
1275	1.2714	0	0	0	0	0
1276	1.3917	0	0	0	0	0
1277	1.389	0	0	0	0	0
1278	1.2648	0	0	0	0	0
1279	1.031	0	0	0	0	0
1280	0.70788	0	0	0	0	0
1281	0.32341	0	0	0	0	0
1282	-0.086986	0	0	0	0	0
1283	-0.48463	0	0	0	0	0
1284	-0.83344	0	0	0	0	0
1285	-1.1031	0	0	0	0	0
1286	-1.2702	0	0	0	0	0
1287	-1.3195	0	0	0	0	0
1288	-1.2465	0	0	0	0	0
1289	-1.0583	0	0	0	0	0
1290	-0.77184	0	0	0	0	0
1291	-0.41306	0	0	0	0	0
1292	-0.015726	0	0	0	0	0
1293	0.38162	0	0	0	0	0
1294	0.74092	0	0	0	0	0
1295	1.0293	0	0	0	0	0
1296	1.2216	0	0	0	0	0
1297	1.3014	0	0	0	0	0
1298	1.2621	0	0	0	0	0
1299	1.1087	0	0	0	0	0
1300	0.85829	0	0	0	0	0
1301	0.53769	0	0	0	0	0
1302	0.17791	0	0	0	0	0
1303	-0.1893	0	0	0	0	0
1304	-0.53234	0	0	0	0	0
1305	-0.82139	0	0	0	0	0
1306	-1.032	0	0	0	0	0
1307	-1.1476	0	0	0	0	0
1308	-1.1589	0	0	0	0	0
1309	-1.0652	0	0	0	0	0
1310	-0.8754	0	0	0	0	0
1311	-0.60898	0	0	0	0	0
1312	-0.29159	0	0	0	0	0
1313	0.048717	0	0	0	0	0
1314	0.38326	0	0	0	0	0
1315	0.68332	0	0	0	0	0
1316	0.92207	0	0	0	0	0
1317	1.0783	0	0	0	0	0
1318	1.1396	0	0	0	0	0
1319	1.1028	0	0	0	0	0
1320	0.97236	0	0	0	0	0
1321	0.75951	0	0	0	0	0
1322	0.48145	0	0	0	0	0
1323	0.1607	0	0	0	0	0
1324	-0.17586	0	0	0	0	0
1325	-0.49843	0	0	0	0	0
1326	-0.77772	0	0	0	0	0
1327	-0.98934	0	0	0	0	0
1328	-1.1159	0	0	0	0	0
1329	-1.1468	0	0	0	0	0
1330	-1.0785	0	0	0	0	0
1331	-0.91635	0	0	0	0	0
1332	-0.67525	0	0	0	0	0
1333	-0.37768	0	0	0	0	0
1334	-0.05136	0	0	0	0	0
1335	0.27396	0	0	0	0	0
1336	0.57017	0	0	0	0	0
1337	0.81241	0	0	0	0	0
1338	0.97911	0	0	0	0	0
1339	1.054	0	0	0	0	0
1340	1.0296	0	0	0	0	0
1341	0.90835	0	0	0	0	0
1342	0.70117	0	0	0	0	0
1343	0.42712	0	0	0	0	0
1344	0.11383	0	0	0	0	0
1345	-0.20585	0	0	0	0	0
1346	-0.49989	0	0	0	0	0
1347	-0.74096	0	0	0	0	0
1348	-0.90757	0	0	0	0	0
1349	-0.98529	0	0	0	0	0
1350	-0.9686	0	0	0	0	0
1351	-0.86098	0	0	0	0	0
1352	-0.67352	0	0	0	0	0
1353	-0.42381	0	0	0	0	0
1354	-0.13516	0	0	0	0	0
1355	0.16538	0	0	0	0	0
1356	0.44989	0	0	0	0	0
1357	0.69223	0	0	0	0	0
1358	0.87025	0	0	0	0	0
1359	0.96823	0	0	0	0	0
1360	0.97826	0	0	0	0	0
1361	0.89956	0	0	0	0	0
1362	0.73755	0	0	0	0	0
1363	0.50491	0	0	0	0	0
1364	0.22268	0	0	0	0	0
1365	-0.08173	0	0	0	0	0
1366	-0.37879	0	0	0	0	0
1367	-0.64011	0	0	0	0	0
1368	-0.84022	0	0	0	0	0
1369	-0.95897	0	0	0	0	0
1370	-0.98412	0	0	0	0	0
1371	-0.91263	0	0	0	0	0
1372	-0.75066	0	0	0	0	0
1373	-0.51328	0	0	0	0	0
1374	-0.22301	0	0	0	0	0
1375	0.092847	0	0	0	0	0
1376	0.40487	0	0	0	0	0
1377	0.68372	0	0	0	0	0
1378	0.90276	0	0	0	0	0
1379	1.041	0	0	0	0	0
1380	1.0849	0	0	0	0	0
1381	1.0293	0	0	0	0	0
1382	0.87779	0	0	0	0	0
1383	0.64276	0	0	0	0	0
1384	0.34396	0	0	0	0	0
1385	0.007373	0	0	0	0	0
1386	-0.33656	0	0	0	0	0
1387	-0.65593	0	0	0	0	0
1388	-0.92099	0	0	0	0	0
1389	-1.1067	0	0	0	0	0
1390	-1.1941	0	0	0	0	0
1391	-1.1726	0	0	0	0	0
1392	-1.0422	0	0	0	0	0
1393	-0.81433	0	0	0	0	0
1394	-0.51007	0	0	0	0	0
1395	-0.15745	0	0	0	0	0
1396	0.21142	0	0	0	0	0
1397	0.56266	0	0	0	0	0
1398	0.86341	0	0	0	0	0
1399	1.0852	0	0	0	0	0
1400	1.207	0	0	0	0	0
1401	1.2178	0	0	0	0	0
1402	1.1167	0	0	0	0	0
1403	0.91376	0	0	0	0	0
1404	0.62792	0	0	0	0	0
1405	0.28522	0	0	0	0	0
1406	-0.083974	0	0	0	0	0
1407	-0.44649	0	0	0	0	0
1408	-0.7684	0	0	0	0	0
1409	-1.0191	0	0	0	0	0
1410	-1.1758	0	0	0	0	0
1411	-1.2252	0	0	0	0	0
1412	-1.1633	0	0	0	0	0
1413	-0.99545	0	0	0	0	0
1414	-0.7365	0	0	0	0	0
1415	-0.41032	0	0	0	0	0
1416	-0.046628	0	0	0	0	0
1417	0.32212	0	0	0	0	0
1418	0.66287	0	0	0	0	0
1419	0.94434	0	0	0	0	0
1420	1.14	0	0	0	0	0
1421	1.2312	0	0	0	0	0
1422	1.2088	0	0	0	0	0
1423	1.0748	0	0	0	0	0
1424	0.84112	0	0	0	0	0
1425	0.52862	0	0	0	0	0
1426	0.16491	0	0	0	0	0
1427	-0.2171	0	0	0	0	0
1428	-0.58185	0	0	0	0	0
1429	-0.89499	0	0	0	0	0
1430	-1.1272	0	0	0	0	0
1431	-1.2569	0	0	0	0	0
1432	-1.2721	0	0	0	0	0
1433	-1.1713	0	0	0	0	0
1434	-0.9638	0	0	0	0	0
1435	-0.66838	0	0	0	0	0
1436	-0.31186	0	0	0	0	0
1437	0.072945	0	0	0	0	0
1438	0.4509	0	0	0	0	0
1439	0.78812	0	0	0	0	0
1440	1.0542	0	0	0	0	0
1441	1.2241	0	0	0	0	0
1442	1.2811	0	0	0	0	0
1443	1.2198	0	0	0	0	0
1444	1.046	0	0	0	0	0
1445	0.7759	0	0	0	0	0
1446	0.43437	0	0	0	0	0
1447	0.053268	0	0	0	0	0
1448	-0.33172	0	0	0	0	0
1449	-0.68484	0	0	0	0	0
1450	-0.97359	0	0	0	0	0
1451	-1.1717	0	0	0	0	0
1452	-1.2616	0	0	0	0	0
1453	-1.2359	0	0	0	0	0
1454	-1.0974	0	0	0	0	0
1455	-0.85922	0	0	0	0	0
1456	-0.54326	0	0	0	0	0
1457	-0.17842	0	0	0	0	0
1458	0.20236	0	0	0	0	0
1459	0.56479	0	0	0	0	0
1460	0.87599	0	0	0	0	0
1461	1.1073	0	0	0	0	0
1462	1.2374	0	0	0	0	0
1463	1.2539	0	0	0	0	0
1464	1.1548	0	0	0	0	0
1465	0.94866	0	0	0	0	0
1466	0.65437	0	0	0	0	0
1467	0.29924	0	0	0	0	0
1468	-0.083606	0	0	0	0	0
1469	-0.45864	0	0	0	0	0
1470	-0.79119	0	0	0	0	0
1471	-1.0505	0	0	0	0	0
1472	-1.2123	0	0	0	0	0
1473	-1.2616	0	0	0	0	0
1474	-1.1938	0	0	0	0	0
1475	-1.0153	0	0	0	0	0
1476	-0.74253	0	0	0	0	0
1477	-0.40071	0	0	0	0	0
1478	-0.021419	0	0	0	0	0
1479	0.36003	0	0	0	0	0
1480	0.70808	0	0	0	0	0
1481	0.99041	0	0	0	0	0
1482	1.1808	0	0	0	0	0
1483	1.2614	0	0	0	0	0
1484	1.2245	0	0	0	0	0
1485	1.0737	0	0	0	0	0
1486	0.82309	0	0	0	0	0
1487	0.49614	0	0	0	0	0
1488	0.12321	0	0	0	0	0
1489	-0.26109	0	0	0	0	0
1490	-0.62103	0	0	0	0	0
1491	-0.92321	0	0	0	0	0
1492	-1.1397	0	0	0	0	0
1493	-1.2507	0	0	0	0	0
1494	-1.246	0	0	0	0	0
1495	-1.1259	0	0	0	0	0
1496	-0.9014	0	0	0	0	0
1497	-0.59348	0	0	0	0	0
1498	-0.23071	0	0	0	0	0
1499	0.1533	0	0	0	0	0
1500	0.52301	0	0	0	0	0
1501	0.84422	0	0	0	0	0
